2281175
2285772
2274082
2268999
2288687
2289534
2264113
2265685
2274841
2249007
2279736
2271578
2279938
2274088
1366856
2272782
2265417
2282175
2290931
2235945
2287583
2269978
2284119
2288872
2266942
2265215
2266583
2269179
2266101
2265454
2274830
2274637
2290262
2265690
2268082
2283739
2273945
2272538
2280824
2290387
2279443
1368626
2290423
2271201
2279688
2283493
2275708
2289114
2281597
2263686
2273257
2271032
2274547
2266908
2271235
2279558
1661008
2281781
2290317
2263974
2269919
2281185
2267418
2290836
2288016
2289303
2273048
2273764
2271500
2274612
2288690
2269152
2275629
2282307
2272155